152X10
for 0.0,0.0,0.0,1.6989700043360187,0.0,0.0,0.0,0.0,0.0,0.0,
getendcolumn 0.0,0.0,0.0,0.0,1.3979400086720375,1.3979400086720375,1.3979400086720375,0.0,0.0,0.0,
visit 6.795880017344075,0.0,0.0,0.0,0.0,0.0,0.0,0.0,0.0,0.0,
javadoc 0.0,6.505149978319906,6.505149978319906,6.505149978319906,3.9030899869919438,0.0,0.0,0.0,0.0,0.0,
getblock 0.0,0.0,1.6989700043360187,0.0,0.0,0.0,0.0,0.0,0.0,0.0,
its 0.0,0.0,0.0,1.6989700043360187,0.0,0.0,0.0,0.0,0.0,0.0,
classorinterfacedeclaration 0.0,0.0,0.0,11.892790030352131,0.0,0.0,0.0,0.0,0.0,0.0,
constructorvisitor 1.6989700043360187,0.0,0.0,0.0,0.0,0.0,0.0,0.0,0.0,0.0,
javadoccomment 0.0,6.505149978319906,6.505149978319906,6.505149978319906,3.9030899869919438,0.0,0.0,0.0,0.0,0.0,
whether 0.0,0.0,0.0,1.6989700043360187,0.0,0.0,0.0,0.0,0.0,0.0,
of 0.0,0.0,0.0,1.5228787452803376,1.5228787452803376,0.0,0.0,0.0,0.0,0.0,
are 0.0,0.0,0.0,1.6989700043360187,0.0,0.0,0.0,0.0,0.0,0.0,
file 0.0,1.2218487496163564,1.2218487496163564,1.2218487496163564,0.0,0.0,0.0,4.8873949984654255,0.0,1.2218487496163564,
false 0.0,1.154901959985743,1.154901959985743,1.154901959985743,1.154901959985743,1.154901959985743,1.154901959985743,0.0,0.0,0.0,
on 0.0,0.0,0.0,3.3979400086720375,0.0,0.0,0.0,0.0,0.0,0.0,
getbody 0.0,1.6989700043360187,0.0,0.0,0.0,0.0,0.0,0.0,0.0,0.0,
" 0.0,0.0,0.0,0.0,1.6989700043360187,0.0,0.0,0.0,0.0,0.0,
else 0.0,0.0,0.0,1.6989700043360187,0.0,0.0,0.0,0.0,0.0,0.0,
static 0.0,0.0,0.0,0.0,0.0,0.0,0.0,0.0,0.0,1.6989700043360187,
fieldvisitor 1.6989700043360187,0.0,0.0,0.0,0.0,0.0,0.0,0.0,0.0,0.0,
isparamonebelongstoparamtwo 0.0,0.0,0.0,0.0,1.6989700043360187,0.0,0.0,0.0,0.0,0.0,
mymethodorconstructordocuments 1.3010299956639813,1.3010299956639813,1.3010299956639813,0.0,0.0,0.0,0.0,0.0,0.0,1.3010299956639813,
or 2.4436974992327127,12.218487496163563,12.218487496163563,9.774789996930851,0.0,0.0,0.0,0.0,0.0,3.6655462488490693,
done 0.0,0.0,0.0,1.6989700043360187,0.0,0.0,0.0,0.0,0.0,0.0,
addall 3.3979400086720375,0.0,0.0,0.0,0.0,0.0,0.0,0.0,0.0,0.0,
without 0.0,1.3979400086720375,1.3979400086720375,0.0,1.3979400086720375,0.0,0.0,0.0,0.0,0.0,
not 0.0,0.0,0.0,1.6989700043360187,0.0,0.0,0.0,0.0,0.0,0.0,
getallcontainedcomments 0.0,1.3979400086720375,1.3979400086720375,1.3979400086720375,0.0,0.0,0.0,0.0,0.0,0.0,
fielddeclaration 0.0,0.0,0.0,0.0,10.193820026016112,0.0,0.0,0.0,0.0,0.0,
start 0.0,2.6020599913279625,2.6020599913279625,2.6020599913279625,2.6020599913279625,0.0,0.0,0.0,0.0,0.0,
then 0.0,0.0,0.0,0.0,1.6989700043360187,0.0,0.0,0.0,0.0,0.0,
will 0.0,0.0,0.0,1.6989700043360187,0.0,0.0,0.0,0.0,0.0,0.0,
auto 0.0,0.0,0.0,0.0,0.0,0.0,0.0,9.137272471682026,3.0457574905606752,0.0,
comment 0.0,27.321629908943606,27.321629908943606,28.622659904607588,16.913389943631756,0.0,0.0,0.0,0.0,0.0,
javaparser 0.0,0.0,0.0,0.0,0.0,0.0,0.0,1.6989700043360187,0.0,0.0,
array 0.0,0.0,0.0,0.0,0.0,0.0,0.0,0.0,0.0,5.096910013008056,
position 0.0,13.858823519828917,13.858823519828917,13.858823519828917,15.01372547981466,6.9294117599144585,6.9294117599144585,0.0,0.0,0.0,
range 0.0,0.0,0.0,0.0,5.096910013008056,0.0,0.0,0.0,0.0,0.0,
param 0.0,0.0,0.0,0.0,3.0457574905606752,9.137272471682026,0.0,0.0,0.0,0.0,
tostringwithoutcomments 0.0,1.3979400086720375,1.3979400086720375,0.0,1.3979400086720375,0.0,0.0,0.0,0.0,0.0,
todo 0.0,0.0,0.0,1.3979400086720375,0.0,0.0,0.0,4.1938200260161125,1.3979400086720375,0.0,
methodorconstructordocument 0.0,12.581460078048337,12.581460078048337,0.0,0.0,0.0,0.0,0.0,0.0,2.795880017344075,
line 0.0,3.4647058799572292,3.4647058799572292,3.4647058799572292,2.309803919971486,2.309803919971486,9.239215679885945,0.0,0.0,0.0,
startposition 0.0,2.6020599913279625,2.6020599913279625,2.6020599913279625,2.6020599913279625,0.0,0.0,0.0,0.0,0.0,
block 0.0,0.0,1.5228787452803376,0.0,0.0,0.0,0.0,3.0457574905606752,0.0,0.0,
getbeginline 0.0,1.154901959985743,1.154901959985743,1.154901959985743,1.154901959985743,1.154901959985743,2.309803919971486,0.0,0.0,0.0,
collection 0.0,0.0,0.0,1.6989700043360187,0.0,0.0,0.0,0.0,0.0,0.0,
methodvisitor 1.6989700043360187,0.0,0.0,0.0,0.0,0.0,0.0,0.0,0.0,0.0,
private 0.0,0.0,0.0,0.0,0.0,0.0,0.0,0.0,0.0,5.096910013008056,
preprocessor 0.0,0.0,0.0,0.0,0.0,0.0,0.0,1.6989700043360187,0.0,0.0,
absolute 0.0,0.0,0.0,0.0,0.0,0.0,0.0,1.6989700043360187,0.0,0.0,
getprocessedjavafile 0.0,0.0,0.0,0.0,0.0,0.0,0.0,1.6989700043360187,0.0,0.0,
javafile 0.0,0.0,0.0,0.0,0.0,0.0,0.0,3.3979400086720375,0.0,0.0,
document 3.2907300390241696,9.872190117072508,9.872190117072508,8.775280104064452,4.387640052032226,0.0,0.0,0.0,2.193820026016113,10.969100130080564,
implemention 0.0,1.3979400086720375,1.3979400086720375,0.0,1.3979400086720375,0.0,0.0,0.0,0.0,0.0,
parse 0.0,0.0,0.0,0.0,0.0,0.0,0.0,3.3979400086720375,0.0,0.0,
paramone 0.0,0.0,0.0,0.0,0.0,6.795880017344075,0.0,0.0,0.0,0.0,
end 0.0,4.619607839942972,4.619607839942972,4.619607839942972,4.619607839942972,2.309803919971486,3.4647058799572292,0.0,0.0,0.0,
null 4.8873949984654255,2.4436974992327127,2.4436974992327127,2.4436974992327127,2.4436974992327127,0.0,0.0,0.0,0.0,0.0,
e 0.0,0.0,0.0,0.0,0.0,0.0,0.0,6.795880017344075,0.0,0.0,
belonging 0.0,0.0,0.0,0.0,1.6989700043360187,0.0,0.0,0.0,0.0,0.0,
documents 7.331092497698139,1.2218487496163564,1.2218487496163564,1.2218487496163564,0.0,0.0,0.0,0.0,0.0,3.6655462488490693,
stub 0.0,0.0,0.0,0.0,0.0,0.0,0.0,1.5228787452803376,1.5228787452803376,0.0,
paramtwo 0.0,0.0,0.0,0.0,0.0,3.3979400086720375,0.0,0.0,0.0,0.0,
\n" 0.0,0.0,0.0,0.0,1.6989700043360187,0.0,0.0,0.0,0.0,0.0,
a 0.0,0.0,0.0,0.0,1.5228787452803376,3.0457574905606752,0.0,0.0,0.0,0.0,
o 0.0,0.0,0.0,0.0,0.0,0.0,0.0,1.6989700043360187,0.0,0.0,
true 0.0,0.0,0.0,0.0,0.0,1.5228787452803376,4.568636235841013,0.0,0.0,0.0,
my 3.6655462488490693,1.2218487496163564,1.2218487496163564,1.2218487496163564,0.0,0.0,0.0,0.0,0.0,2.4436974992327127,
visitor 6.795880017344075,0.0,0.0,0.0,0.0,0.0,0.0,0.0,0.0,0.0,
i 0.0,0.0,0.0,0.0,0.0,0.0,0.0,1.6989700043360187,0.0,0.0,
ispositionbelongstoanode 0.0,0.0,0.0,0.0,0.0,3.3979400086720375,0.0,0.0,0.0,0.0,
"\n" 0.0,0.0,0.0,0.0,1.6989700043360187,0.0,0.0,0.0,0.0,0.0,
field 1.5228787452803376,0.0,0.0,0.0,12.183029962242701,0.0,0.0,0.0,0.0,0.0,
ioexception 0.0,0.0,0.0,0.0,0.0,0.0,0.0,1.6989700043360187,0.0,0.0,
compilationunit 5.59176003468815,0.0,0.0,0.0,0.0,0.0,0.0,1.3979400086720375,0.0,2.795880017344075,
string 0.0,1.3010299956639813,1.3010299956639813,0.0,1.3010299956639813,0.0,0.0,0.0,0.0,2.6020599913279625,
doc 0.0,2.6020599913279625,2.6020599913279625,2.6020599913279625,1.3010299956639813,0.0,0.0,0.0,0.0,0.0,
javadoccomments 0.0,2.6020599913279625,2.6020599913279625,2.6020599913279625,1.3010299956639813,0.0,0.0,0.0,0.0,0.0,
classcomment 0.0,0.0,0.0,10.660151216962364,10.660151216962364,0.0,0.0,0.0,0.0,0.0,
getname 0.0,1.3979400086720375,1.3979400086720375,1.3979400086720375,0.0,0.0,0.0,0.0,0.0,0.0,
method 2.6020599913279625,32.52574989159953,22.11750992628768,0.0,0.0,0.0,0.0,0.0,0.0,3.9030899869919438,
classdocument 1.2218487496163564,0.0,0.0,9.774789996930851,4.8873949984654255,0.0,0.0,0.0,2.4436974992327127,4.8873949984654255,
printstacktrace 0.0,0.0,0.0,0.0,0.0,0.0,0.0,3.3979400086720375,0.0,0.0,
comments 0.0,7.8061799739838875,7.8061799739838875,10.40823996531185,3.9030899869919438,0.0,0.0,0.0,0.0,0.0,
to 0.0,1.3010299956639813,1.3010299956639813,0.0,6.505149978319906,2.6020599913279625,0.0,0.0,0.0,0.0,
methods 0.0,0.0,0.0,1.6989700043360187,0.0,0.0,0.0,0.0,0.0,0.0,
body 0.0,2.795880017344075,1.3979400086720375,0.0,1.3979400086720375,0.0,0.0,0.0,0.0,0.0,
exception 0.0,0.0,0.0,0.0,0.0,0.0,0.0,3.3979400086720375,0.0,0.0,
by 0.0,0.0,0.0,0.0,1.6989700043360187,0.0,0.0,0.0,0.0,0.0,
containedcomment 0.0,5.59176003468815,5.59176003468815,5.59176003468815,0.0,0.0,0.0,0.0,0.0,0.0,
getrange 0.0,0.0,0.0,0.0,1.6989700043360187,0.0,0.0,0.0,0.0,0.0,
constructordeclaration 0.0,0.0,13.59176003468815,0.0,0.0,0.0,0.0,0.0,0.0,0.0,
endposition 0.0,2.6020599913279625,2.6020599913279625,2.6020599913279625,2.6020599913279625,0.0,0.0,0.0,0.0,0.0,
classorinterfacevisitor 1.6989700043360187,0.0,0.0,0.0,0.0,0.0,0.0,0.0,0.0,0.0,
getcomment 0.0,1.3010299956639813,1.3010299956639813,1.3010299956639813,1.3010299956639813,0.0,0.0,0.0,0.0,0.0,
declaration 0.0,10.40823996531185,10.40823996531185,9.107209969647869,10.40823996531185,0.0,0.0,0.0,0.0,0.0,
get 0.0,8.775280104064452,8.775280104064452,7.6783700910563955,6.581460078048339,4.387640052032226,13.162920156096678,2.193820026016113,0.0,0.0,
class 4.619607839942972,0.0,0.0,26.56274507967209,17.323529399786146,0.0,0.0,1.154901959985743,2.309803919971486,5.774509799928715,
belongs 0.0,0.0,0.0,0.0,3.0457574905606752,3.0457574905606752,0.0,0.0,0.0,0.0,
parseexception 0.0,0.0,0.0,0.0,0.0,0.0,0.0,1.6989700043360187,0.0,0.0,
implementationcomments 0.0,2.6020599913279625,2.6020599913279625,2.6020599913279625,1.3010299956639813,0.0,0.0,0.0,0.0,0.0,
and 0.0,0.0,0.0,0.0,1.6989700043360187,0.0,0.0,0.0,0.0,0.0,
that 0.0,0.0,0.0,0.0,1.6989700043360187,0.0,0.0,0.0,0.0,0.0,
processed 0.0,0.0,0.0,0.0,0.0,0.0,0.0,1.6989700043360187,0.0,0.0,
node 0.0,0.0,0.0,0.0,0.0,3.0457574905606752,9.137272471682026,0.0,0.0,0.0,
instanceof 0.0,0.0,0.0,1.6989700043360187,0.0,0.0,0.0,0.0,0.0,0.0,
generated 0.0,0.0,0.0,0.0,0.0,0.0,0.0,4.568636235841013,1.5228787452803376,0.0,
arraylist 0.0,0.0,0.0,0.0,0.0,0.0,0.0,0.0,0.0,5.096910013008056,
column 0.0,1.154901959985743,1.154901959985743,1.154901959985743,2.309803919971486,2.309803919971486,4.619607839942972,0.0,0.0,0.0,
implementionbody 0.0,1.3979400086720375,1.3979400086720375,0.0,1.3979400086720375,0.0,0.0,0.0,0.0,0.0,
stack 0.0,0.0,0.0,0.0,0.0,0.0,0.0,3.3979400086720375,0.0,0.0,
parser 0.0,0.0,0.0,0.0,0.0,0.0,0.0,1.6989700043360187,0.0,0.0,
this 0.0,0.0,0.0,0.0,1.6989700043360187,0.0,0.0,0.0,0.0,0.0,
methodcomment 0.0,10.660151216962364,10.660151216962364,0.0,0.0,0.0,0.0,0.0,0.0,0.0,
one 0.0,0.0,0.0,1.3979400086720375,1.3979400086720375,5.59176003468815,0.0,0.0,0.0,0.0,
catch 0.0,0.0,0.0,0.0,0.0,0.0,0.0,3.3979400086720375,0.0,0.0,
getcolumn 0.0,0.0,0.0,0.0,0.0,0.0,3.3979400086720375,0.0,0.0,0.0,
contained 0.0,6.9897000433601875,6.9897000433601875,8.387640052032225,0.0,0.0,0.0,0.0,0.0,0.0,
add 2.4436974992327127,6.109243748081782,6.109243748081782,6.109243748081782,2.4436974992327127,0.0,0.0,0.0,0.0,0.0,
alldocuments 4.568636235841013,0.0,0.0,0.0,0.0,0.0,0.0,0.0,0.0,1.5228787452803376,
if 0.0,0.0,0.0,3.0457574905606752,1.5228787452803376,0.0,0.0,0.0,0.0,0.0,
performance 0.0,0.0,0.0,1.6989700043360187,0.0,0.0,0.0,0.0,0.0,0.0,
name 0.0,2.4436974992327127,2.4436974992327127,2.4436974992327127,0.0,0.0,0.0,1.2218487496163564,0.0,1.2218487496163564,
path 0.0,0.0,0.0,0.0,0.0,0.0,0.0,1.6989700043360187,0.0,0.0,
javaclasspreprocessor 0.0,0.0,0.0,0.0,0.0,0.0,0.0,1.6989700043360187,0.0,0.0,
getendline 0.0,2.309803919971486,2.309803919971486,2.309803919971486,1.154901959985743,1.154901959985743,2.309803919971486,0.0,0.0,0.0,
getbegincolumn 0.0,1.154901959985743,1.154901959985743,1.154901959985743,1.154901959985743,1.154901959985743,1.154901959985743,0.0,0.0,0.0,
all 6.109243748081782,1.2218487496163564,1.2218487496163564,2.4436974992327127,0.0,0.0,0.0,0.0,0.0,1.2218487496163564,
constructor 2.309803919971486,11.54901959985743,20.788235279743375,0.0,0.0,0.0,0.0,1.154901959985743,1.154901959985743,3.4647058799572292,
is 0.0,0.0,0.0,2.795880017344075,4.1938200260161125,2.795880017344075,0.0,0.0,0.0,0.0,
it 0.0,0.0,0.0,4.568636235841013,1.5228787452803376,0.0,0.0,0.0,0.0,0.0,
added 0.0,0.0,0.0,0.0,1.6989700043360187,0.0,0.0,0.0,0.0,0.0,
check 0.0,0.0,0.0,3.3979400086720375,0.0,0.0,0.0,0.0,0.0,0.0,
methoddeclaration 0.0,13.59176003468815,0.0,0.0,0.0,0.0,0.0,0.0,0.0,0.0,
trace 0.0,0.0,0.0,0.0,0.0,0.0,0.0,3.3979400086720375,0.0,0.0,
myclassdocuments 2.795880017344075,0.0,0.0,1.3979400086720375,0.0,0.0,0.0,0.0,0.0,1.3979400086720375,
list 0.0,0.0,0.0,0.0,0.0,0.0,0.0,0.0,0.0,15.290730039024169,
the 0.0,0.0,0.0,4.568636235841013,3.0457574905606752,0.0,0.0,0.0,0.0,0.0,
compilation 5.59176003468815,0.0,0.0,0.0,0.0,0.0,0.0,1.3979400086720375,0.0,2.795880017344075,
interface 1.5228787452803376,0.0,0.0,10.660151216962364,0.0,0.0,0.0,0.0,0.0,0.0,
print 0.0,0.0,0.0,0.0,0.0,0.0,0.0,3.3979400086720375,0.0,0.0,
begin 0.0,2.309803919971486,2.309803919971486,2.309803919971486,2.309803919971486,2.309803919971486,3.4647058799572292,0.0,0.0,0.0,
two 0.0,0.0,0.0,0.0,1.5228787452803376,3.0457574905606752,0.0,0.0,0.0,0.0,
unit 5.59176003468815,0.0,0.0,0.0,0.0,0.0,0.0,1.3979400086720375,0.0,2.795880017344075,
getline 0.0,0.0,0.0,0.0,0.0,0.0,6.795880017344075,0.0,0.0,0.0,
implementation 0.0,2.6020599913279625,2.6020599913279625,2.6020599913279625,1.3010299956639813,0.0,0.0,0.0,0.0,0.0,
determined 0.0,0.0,0.0,0.0,1.6989700043360187,0.0,0.0,0.0,0.0,0.0,
filename 0.0,1.2218487496163564,1.2218487496163564,1.2218487496163564,0.0,0.0,0.0,1.2218487496163564,0.0,1.2218487496163564,
increase 0.0,0.0,0.0,1.6989700043360187,0.0,0.0,0.0,0.0,0.0,0.0,
java 0.0,2.4436974992327127,2.4436974992327127,2.4436974992327127,1.2218487496163564,0.0,0.0,6.109243748081782,0.0,0.0,
getabsolutepath 0.0,0.0,0.0,0.0,0.0,0.0,0.0,1.6989700043360187,0.0,0.0,
